2 2
5 2
6 2
7 2
8 2
9 2
10 2
11 2
12 2
13 2
16 2
2 5
5 5
6 5
7 5
8 5
10 5
11 5
12 5
13 5
16 5
2 6
5 6
6 6
7 6
8 6
10 6
11 6
12 6
13 6
16 6
2 7
5 7
6 7
7 7
8 7
10 7
11 7
12 7
13 7
16 7
2 8
5 8
6 8
7 8
8 8
10 8
11 8
12 8
13 8
16 8
2 9
6 9
7 9
8 9
9 9
10 9
11 9
12 9
16 9
2 10
5 10
6 10
7 10
8 10
10 10
11 10
12 10
13 10
16 10
2 11
5 11
6 11
7 11
8 11
10 11
11 11
12 11
13 11
16 11
2 12
5 12
6 12
7 12
8 12
10 12
11 12
12 12
13 12
16 12
2 13
5 13
6 13
7 13
8 13
10 13
11 13
12 13
13 13
16 13
2 16
5 16
6 16
7 16
8 16
9 16
10 16
11 16
12 16
13 16
16 16
18 0
0 18
